C 1.5 0 1 0
C 1.5 0 2 0
C 1.5 0 3 0
C 1.5 0 4 0
T 1 0 tekstura.png
G 1 0 0 0 7
# teraz opis geometii - podstawa 8-kata:
P 0.5 0 0.25 0 0
P 0.25 0 0.5 0.125 0
P -0.25 0 0.5 0.25 0
P -0.5 0 0.25 0.375 0
P -0.5 0 -0.25 0.5 0
P -0.25 0 -0.5 0.625 0
P 0.25 0 -0.5 0.75 0
P 0.5 0 -0.25 0.875 0
P 0.5 0 0.25 1 0
# góra:
P 0.5 5 0.25 0 1
P 0.25 5 0.5 0.125 1
P -0.25 5 0.5 0.25 1
P -0.5 5 0.25 0.375 1
P -0.5 5 -0.25 0.5 1
P -0.25 5 -0.5 0.625 1
P 0.25 5 -0.5 0.75 1
P 0.5 5 -0.25 0.875 1
P 0.5 5 0.25 1 1
# indeksy
I 0 1 10 9
I 1 2 11 10
I 2 3 12 11
I 3 4 13 12
I 4 5 14 13
I 5 6 15 14
I 6 7 16 15
I 7 8 17 16
